1461166161 4
1461178308 233
1461788607 13447
1461950397 34112
1462384859 34400
1462912731 214160
1462981830 136637
1464022044 143282
1464050968 143409
1464115771 143437
1464126722 13612
1464649056 14708
1464735522 17544
1465088507 18085
1465588780 19830
1465867395 20636
1465870995 20637
1465873843 22232
1465998768 22511
1466014969 17921
1466021223 17925
1466022017 17921
1466022053 17925
1466022655 17943
1466023205 17943
1466023310 17950
1466116950 17985
1466202237 18007
1466260722 17978
1466523132 18620
1466601815 19097
1466624507 25111
1466625762 25111
1466692072 25114
1466699671 25126
1466965052 25445
1467162564 25560
1467163106 26124
1467657213 27325
1467831071 27448
1468354642 27502
1468454358 32668
1468464464 32881
1468523996 32871
1468608628 32875
1468609051 32926
1468851448 32965
1468941515 32971
1468964717 32967
1468981923 32949
1469138775 33151
1469564212 597940
1469564777 600790
1469564965 600800
1469565030 600869
1469565555 600884
1469565632 601443
1469565641 601439
1469565647 601494
1469565693 601494
1469573728 601165
1469574438 33412
1469581327 34212
1469590355 601271
1469592148 31434
1469628983 31540
1469631501 456461
1469632981 457049
1469632995 457126
1469647148 457184
1469648172 457192
1470067211 31578
1470082356 31704
1470246509 601309
1470247063 601464
1470604487 33012
1470627790 36137
1470664460 36137
1470671047 36148
1470672900 36150
1470674994 36175
1470843198 459503
1470862759 36929
1470868408 459488
1470871787 459487
1470875335 37029
1470933589 459777
1471269656 39450
1471295933 39419
1471301603 39446
1471349683 459790
1471349753 459790
1471350307 459793
1471350636 459809
1471352208 459809
1471359508 601492
1471373350 601990
1471378944 459826
1471379258 602006
1471383835 39586
1471448185 41007
1471462844 41003
1471543798 41049
1471804200 461030
1471879296 462525
1471888568 602484
1471896615 602564
1471899588 42220
1471969658 602573
1471981110 462532
1471982795 462592
1471983802 602620
1471989776 462594
1471989803 42223
1472061103 45543
1472063051 463032
1472066595 46489
1472071677 46548
1472085770 46550
1472130065 463095
1472133512 46732
1472135574 602629
1472221196 46989
1472223613 46987
1472232745 46989
1472405693 602629
1472412565 602632
1472418732 462736
1472422910 47795
1472424151 462801
1472475342 462801
1472505235 47795
1472507468 462814
1472526121 462837
1472526328 47795
1472581005 47881
1472654591 602078
1472696358 463043
1472746602 602100
1472748740 463055
1472749154 602104
1472753931 463044
1472842243 51109
1472842625 51176
1472850318 53079
1473095136 602155
1473095842 602163
1473188838 53306
1473201218 53346
1473216287 602131
1473261577 53308
1473274267 53309
1473284318 53309
1473306114 602131
1473306904 53310
1473343124 53310
1473345933 53511
1473361507 54049
1473455508 54428
1473695269 54436
1473712903 54569
1473785190 54678
1473890959 57337
1473955967 57350
1473972334 57393
1473978569 57393
1474203361 602345
1474206536 602353
1474221043 463044
1474227150 57594
1474234462 57594
1474237414 57594
1474292736 57753
1474379555 57755
1474407519 57756
1474408741 57756
1474552216 57845
1474556173 463208
1474908262 463249
1474914648 58164
1474917356 463259
1474922848 58170
1475093919 58176
1475109046 58469
1475244882 58461
1475266680 58477
1475273641 58497
1475274693 58606
1475445425 58623
1475446651 58623
1475447323 58623
1475450396 602624
1475505387 59402
1475600865 59407
1475694087 59416
1475700569 59521
1475704119 59534
1475711762 59534
1475791526 59944
1475874070 59948
1475874086 60026
1475977986 60033
1475979505 59569
1475979865 59570
1475986945 59571
1476119247 59714
1476123687 59781
1476123936 59922
1476150543 463293
1476155104 59993
1476191617 60028
1476227589 60043
1476282844 60046
1476287657 60049
1476300738 60070
1476309255 60426
1476313912 60426
1476369364 60527
1476483987 60543
1476677742 60668
1476730543 60654
1476734725 60674
1476797290 60921
1476804450 60930
1476821402 60959
1476832487 60961
1476833320 62926
1476905156 63267
1476930156 63270
1477084353 63619
1477084494 63663
1477168035 63794
1477176648 63794
1477244261 63794
1477245348 63794
1477262529 602625
1477346262 64090
1477346765 463746
1477495605 463814
1477497374 463838
1477511919 64175
1477513514 64537
1477514806 64537
1477678377 64664
1478019868 64690
1478110954 64765
1478208508 64702
1478274761 463905
1478286623 463832
1478546877 64700
1478801015 64713
1479227639 64766
1479246906 64826
1479247321 64833
1479399822 463832
1479417306 463857
1479486896 463657
1479751836 318447
1479753268 319044
1479754463 320586
1479754896 320622
1479755814 320588
1479763339 464243
1479769107 64833
1479778950 64836
1479916148 321295
1479935863 65615
1480542021 65621
1480607409 65646
1480610813 465275
1480611158 65646
1480620941 602636
1480621903 465329
1480660480 604295
1480660492 63934
1480660925 63935
1480716983 64437
1480804908 604296
1480813091 67915
1480876509 67886
1480951315 67795
1480951635 67800
1480963700 465445
1480977817 67946
1480981500 67946
1481064269 68075
1481064749 68126
1481144210 68147
1481147622 68192
1481152716 465522
1481211160 321637
1481215556 68238
1481218287 321154
1481222555 604350
1481222622 321154
1481234243 68240
1481324265 604357
1481553963 321155
1481565972 68233
1481640359 68455
1481665056 393291
1481669647 465548
1481678578 604475
1481690421 465557
1481743704 68152
1481749922 68567
1481750477 508363
1481753774 465570
1481755887 68572
1481780335 395633
1481813013 395599
1481814692 395599
1481824890 395597
1481826964 68562
1482095904 68530
1482096471 68530
1482097696 68514
1482163949 68523
1482172003 68548
1482191801 395915
1482244119 68554
1482247814 395942
1482249111 68590
1482256260 396027
1482258757 68588
1482263702 396158
1482267509 396219
1482269949 68586
1482273274 68593
1482273660 604495
1482274314 68590
1482276443 68615
1482277079 68791
1482334265 466805
1482334519 604510
1482336263 68798
1482431289 68799
1482431966 68806
1482437964 396294
1482450191 397721
1482612269 68807
1482612449 68808
1482769961 604550
1482853571 397994
1482853795 604714
1482861949 68801
1482861954 68625
1482876746 398034
1482877999 467851
1482897113 604714
1482898772 321758
1482955929 398080
1482981319 322055
1482985736 321248
1483156924 398080
1483178547 606180
1483215998 398083
1483307062 398126
1483471346 398153
1483472229 606263
1483483561 606263
1483484491 68626
1483505772 398170
1483592245 467854
1483635824 468107
1483650170 469583
1483655482 469583
1483675956 469604
1483740450 398188
1483845941 326545
1483850442 398335
1483906790 326570
1483911634 326696
1483938371 327108
1483971824 606340
1483976245 327139
1483980628 469614
1483997085 327777
1484021989 328158
1484060524 606352
1484062947 69043
1484065927 328168
1484066767 69046
1484071666 328181
1484072173 69781
1484072939 328176
1484083321 328406
1484089044 328465
1484093004 328466
1484111417 328799
1484144848 328793
1484145820 328825
1484145845 328830
1484150255 398388
1484154208 328830
1484164295 69769
1484170617 70842
1484176540 70842
1484247854 328437
1484248385 70838
1484249865 70874
1484327610 469701
1484347009 328583
1484410392 328589
1484410736 328591
1484451752 469776
1484453178 469872
1484505000 469944
1484594482 470558
1484603204 470621
1484615539 328879
1484631438 470698
1484636319 70863
1484765217 471412
1484930033 471449
1484964117 471337
1485047549 70863
1485047752 70863
1485183257 70876
1485190190 70876
1485196305 70876
1485199540 606448
1485204167 399465
1485208268 70877
1485208771 313632
1485209211 471341
1485210073 314257
1485215309 399464
1485283800 471972
1485298463 471291
1485300033 471291
1485300986 471290
1485301393 321249
1485301414 320789
1485301456 320793
1485301699 397928
1485301782 397929
1485301817 397933
1485301956 313797
1485301996 313798
1485302016 313802
1485363484 605907
1485363577 70303
1485369029 70535
1485374511 70554
1485374750 471287
1485374797 328886
1485377901 320786
1485378789 320786
1485383801 70965
1485385811 471291
1485386493 471284
1485396880 328880
1485398826 328879
1485447610 70972
1485748599 471284
1485983576 397933
1485984408 397933
1485985373 397927
1485986280 397924
1485987643 397924
1485987711 71028
1485995288 76063
1486070464 471276
1486158238 397939
1486158550 328879
1486251208 605907
1486396845 399461
1486413209 471455
1486510012 71026
1486510078 75405
1486511333 606012
1486513020 75495
1486517798 75498
1486532148 471455
1486533416 471455
1486534513 75498
1486593511 472267
1486598075 75639
1486599303 75639
1486599712 75638
1486612227 75656
1486613833 75651
1486616672 75671
1486673116 75714
1486681922 75747
1486683249 75783
1486768937 75818
1486779456 75867
1486825951 75885
1486844244 606044
1486845731 75868
1487011888 76027
1487021015 76045
1487021360 76059
1487021494 606046
1487022017 76064
1487087946 472506
1487108131 76064
1487113822 75986
1487113857 76069
1487114487 472499
1487116224 76053
1487214897 76035
1487262054 473003
1487276366 473004
1487289167 473126
1487302299 473177
1487361701 473317
1487484028 76956
1487519345 77021
1487521732 78049
1487538724 78046
1487540898 78418
1487541037 78422
1487549549 78619
1487554873 78716
1487562262 78726
1487599905 78726
1487601648 78727
1487629725 606052
1487695061 78752
1487703043 473319
1487716899 80036
1487716912 80259
1487719266 80740
1487796680 80714
1487954954 80742
1487955047 80742
1488063683 473422
1488156697 473572
1488206907 80717
1488208764 80751
1488242214 474071
1488294314 474147
1488395874 474168
1488467529 80959
1488568620 474238
1488581347 474247
1488747125 399535
1488752488 399573
1488753692 399607
1488833607 81109
1488995082 399610
1489347676 328886
1489440903 328913
1489501882 399595
1489515015 399633
1489516765 399630
1489526396 328166
1489528499 328169
1489550858 399694
1489551633 399694
1489612328 606228
1489620344 606227
1489621503 606414
1489666324 400184
1489666540 400196
1489718777 400221
1489819710 400288
1489820000 400292
1489820452 400298
1489898410 400298
1489974153 400744
1489977523 400744
1489987362 400747
1489987702 400745
1490077576 401086
1490077802 401087
1490137843 401089
1490190565 401134
1490191176 401161
1490239642 401388
1490388857 606445
1490477691 328170
1490479547 328173
1490710258 401411
1490748721 297862
1490748795 297862
1490838980 474251
1490881089 81124
1490882038 401411
1491247477 606509
1491248927 474254
1491411801 474254
1491504324 403484
1491509218 403495
1491590096 403494
1491664709 403711
1491810640 82720
1491849575 317408
1491855250 474363
1491879340 474386
1491930274 474678
1491939311 474793
1491947130 606548
1491947786 474793
1491951430 606582
1491971118 403685
1492106339 475382
1492183545 475426
1492185758 606774
1492194844 476062
1492195709 316762
1492202664 476058
1492310066 320913
1492310276 606844
1492356960 606844
1492438697 403655
1492454439 476206
1492454593 606947
1492458380 607296
1492463198 607296
1492463398 607296
1492481118 607347
1492532172 328906
1492640945 329613
1492742003 329597
1492783186 329618
1492792635 329580
1492975494 404067
1492989137 404067
1493061476 329789
1493175234 476682
1493227008 476708
1493501019 607565
1493506940 329956
1493586525 329956
1493586721 607567
1493587371 329956
1493650625 82720
1493768581 607621
1493778043 607684
1493865400 404140
1494078454 404940
1494109219 607722
1494112801 476710
1494172822 607788
1494173431 476760
1494199308 405205
1494209773 405219
1494275319 405447
1494359799 607944
1494385297 607990
1494475205 406117
1494507253 321083
1494514076 330448
1494627984 476835
1494768372 476932
1494801548 406141
1494809760 321093
1494816118 321269
1494856357 406098
1494856888 321269
1494890115 476943
1494905301 476943
1494957386 82830
1494957601 477076
1495032041 477135
1495032536 82857
1495220408 321416
1495482216 608404
1495553326 608427
1495570460 83549
1495648662 479113
1495669538 320426
1495673095 331462
1495727165 608451
1495729165 560223
1495732644 560224
1495922415 332149
1496012319 83816
1496013802 83921
1496109809 406105
1496112956 407682
1496152997 84224
1496165368 320444
1496166198 608461
1496167498 479154
1496169725 608462
1496196116 608461
1496427830 332165
1496586844 332307
1496590148 320635
1496595269 561105
1496688083 332676
1496695808 332743
1496699554 332745
1496764769 332552
1496779204 479194
1496851211 308367
1496851831 309069
1496860117 479198
1496871390 84225
1496886506 332602
1496940116 407792
1497032042 309208
1497053135 407802
1497119076 407868
1497282813 407871
1497282816 332763
1497379726 407889
1497384800 334068
1497387942 479314
1497389806 479314
1497392750 310057
1497451109 408059
1497452231 334402
1497460412 87064
1497476201 608491
1497622417 408107
1497632929 334538
1497633130 334507
1497635724 334507
1497644707 408467
1497748739 408467
1497887268 411742
1497888012 317623
1497911096 411756
1497970944 87064
1497993235 411756
1497994436 334947
1498075312 317623
1498080776 411869
1498081622 411867
1498082094 317623
1498151834 479763
1498152560 561127
1498178114 411891
1498252959 412222
1498500330 412288
1498570213 334947
1498575557 608524
1498584726 334965
1498600961 412300
1498621633 412306
1498676459 413040
1498832992 87089
1499362227 413075
1499387692 87202
1499745208 608561
1499892247 413416
1500314417 87212
1500482115 480110
1500482469 310044
1500905308 480133
1500931970 482042
1501091920 87511
1501167406 482028
1502114605 608569
1502142656 608656
1502143578 87889
1502162747 87930
1502168731 483022
1502212676 90814
1502396376 90868
1502467515 317725
1502471453 90842
1502474122 90844
1502626485 317730
1502626596 317762
1502726358 317760
1502731286 317795
1502752406 317830
1502757664 90845
1502811640 317830
1502824128 90833
1502824593 90764
1502933751 317879
1503028169 90776
1503080657 317904
1503080770 608704
1503086482 413421
1503086492 608704
1503086499 483022
1503178584 413479
1503190771 608806
1503199245 561160
1503199363 561160
1503279045 483028
1503289849 91006
1503324514 483018
1503342969 609069
1503344808 310139
1503357430 609070
1503409383 317902
1503441559 415558
1503507332 338813
1503602256 562372
1503641260 484507
1503685098 338873
1503694450 415793
1503694717 338852
1503779099 310141
1503779490 310139
1503784291 341791
1503787125 341802
1503893539 484821
1503930475 415885
1503932461 484981
1503937331 318010
1503937747 485599
1503940867 415888
1503944818 318016
1503954829 485918
1504026122 485959
1504029027 310108
1504109869 486167
1504127023 342608
1504141605 486220
1504163502 91074
1504196391 486439
1504370349 310127
1504453806 318016
1504620064 486334
1504621147 310114
1504625335 415888
1504627050 342603
1504632549 318010
1504639160 91065
1504650066 562524
1504714896 415888
1504724258 486333
1504734375 609179
1504736998 487297
1504751197 342563
1504751275 609238
1504754446 342563
1504969745 487494
1504990607 609907
1505054994 310129
1505055595 562526
1505065784 310129
1505065962 562526
1505066818 609907
1505066861 487511
1505066895 318012
1505067397 342565
1505067434 415903
1505273131 98438
1505310897 487816
1505313444 487826
1505321527 487826
1505328402 609908
1505332476 487827
1505350368 487828
1505353531 562530
1505388789 415905
1505389052 562530
1505405653 318012
1505406843 487868
1505410405 310161
1505410476 342564
1505434263 487937
1505581106 98438
1505588302 488017
1505598087 345344
1505662144 488278
1505670607 488278
1505679668 345376
1505688156 318053
1505688194 318195
1505764071 415663
1505789036 488274
1505834084 488697
1505947075 415792
1506023207 488820
1506227132 347914
1506349479 415982
1506350332 318209
1506359634 489405
1506362611 489405
1506367219 571506
1506372573 318313
1506376598 415970
1506377195 571545
1506390742 489491
1506432259 348091
1506480683 348094
1506522858 609916
1506531956 610047
1506544604 348094
1506544905 416093
1506545604 572609
1506609500 489492
1506613618 348146
1506624820 98508
1506633235 348166
1506706219 572620
1506708792 489661
1506711816 572604
1506712595 489663
1506717811 489730
1506719151 416098
1506967287 348168
1506986413 318323
1507040248 98505
1507064385 489907
1507139715 572827
1507208685 348249
1507240288 489951
1507321251 489985
1507556682 490054
1507558045 348268
1507577519 416115
1507583537 416116
1507647251 416179
1507735161 417084
1507748005 572828
1507751245 573615
1507753505 417131
1507819407 573830
1507820375 573840
1507831111 573840
1507832509 417272
1507832584 573840
1507839219 573840
1507906083 348319
1507925041 610274
1507928580 610298
1507929995 417534
1507935984 573840
1507948620 610256
1507949210 418141
1507949350 418124
1507950487 573840
1508117779 418205
1508119757 419173
1508169245 347322
1508170323 318316
1508170637 573840
1508183136 98569
1508189409 419294
1508245814 610476
1508266953 419226
1508267872 98565
1508271675 419293
1508272550 574238
1508272800 574240
1508274122 347327
1508282332 318324
1508283688 574260
1508357662 574260
1508357681 574265
1508373512 98624
1508385527 347318
1508422102 490060
1508439712 490108
1508446073 610674
1508527963 101254
1508530406 101560
1508537229 490147
1508538520 419302
1508539371 102044
1508556918 310162
1508597222 490157
1508765805 102133
1508765853 102133
1508792409 102136
1508802939 419532
1508802961 419661
1508807717 419663
1508901857 574308
1508947069 610657
1508960805 490189
1509032644 610739
1509036306 237382
1509045453 237575
1509047415 610781
1509052965 574313
1509077762 574416
1509115268 419663
1509118479 347318
1509213120 102146
1509314317 102151
1509459204 102158
1509459285 102158
1509481831 237581
1509550283 419670
1509551215 419699
1509557892 419724
1509671507 347441
1509746942 102544
1509994314 102719
1510001457 102741
1510008426 102741
1510078329 102743
1510079251 347465
1510080344 103185
1510085388 103835
1510161288 574943
1510164212 610840
1510169346 490196
1510169497 610845
1510173793 103848
1510352994 574954
1510447852 237890
1510450465 610886
1510588812 103848
1510607414 163549
1510608930 163581
1510613460 610886
1510614280 490196
1510676427 233919
1510676819 103848
1510679183 105855
1510682321 490269
1510696320 348298
1510718483 348304
1510817899 575067
1510961307 348805
1511195150 575091
1511196025 419749
1511196679 490276
1511210878 234141
1511219421 234156
1511281751 166493
1511282193 166493
1511287824 166503
1511359904 610889
1511417844 105902
1511794735 348808
1511794752 348809
1511802508 348811
1511821117 107308
1511906666 419745
1511968686 575136
1511988356 348812
1512148044 575133
1512396277 348652
1512396626 490343
1512397380 348667
1512402008 107379
1512405971 490428
1512410812 348708
1512413344 348710
1512417358 490579
1512418798 348710
1512679503 166501
1512685310 166358
1512757203 108392
1512765874 610890
1512771205 348736
1513011521 166426
1513029027 610900
1513090714 108423
1513177726 108780
1513178063 108964
1513182289 108982
1513182826 419862
1513194290 575067
1513195975 419862
1513198424 318324
1513200022 575071
1513205813 166460
1513206679 109267
1513213992 318324
1513214019 575071
1513224254 109267
1513229730 166477
1513272592 610911
1513283251 166477
1513285263 166289
1513299703 348853
1513616753 109375
1513699986 109393
1513712111 109703
1513783074 420120
1513783800 575117
1513791860 420249
1513792379 574885
1513801392 166417
1514386463 109975
1514391814 318325
1514394089 318471
1514401401 318472
1514409202 420814
1514476903 320009
1514481293 421077
1514594480 422189
1514729622 422196
1514751558 575024
1514759178 422545
1514773371 575031
1514773635 423204
1514839141 575031
1515088890 166553
1515093621 166559
1515107892 110123
1515163312 490828
1515171694 491014
1515356349 110165
1515423533 166589
1515447987 110193
1515448005 110247
1515451013 610861
1515451059 610865
1515451089 110386
1515530625 111083
1515606442 111092
1515614713 110929
1515683614 575051
1515697089 575068
1515702063 112848
1515728356 166591
1515780990 575858
1515785949 112848
1515792640 575911
1516134426 112827
1516213868 113689
1516217707 113697
1516219789 114315
1516310120 575908
1516379484 114429
1516394423 114422
1516395374 114422
1516640125 166873
1516646647 114492
1516731411 114495
1516745629 239912
1516823098 167093
1516828267 114530
1516828730 610878
1516829840 423215
1516830681 114859
1516831207 575918
1516833928 167750
1516897658 167796
1517256219 114865
1517256942 168005
1517264739 168016
1517341991 114865
1517412961 114910
1517599836 168126
1517604224 423227
1517605400 612142
1517605788 575919
1517606522 612710
1517608884 113756
1517699646 113757
1517952500 491021
1517971404 612848
1517979531 423227
1518116889 348853
1518117547 491022
1518117563 491071
1518214423 168963
1518216683 170373
1518451754 168963
1518452388 169554
1518555976 113662
1518559575 113670
1518562268 240252
1518563260 240398
1518568106 242673
1518718338 169583
1518810130 170217
1518819427 612939
1518824225 117371
1518889204 117742
1518892652 118010
1519154901 170581
1519163422 172338
1519168485 613276
1519186573 118072
1519334135 118324
1519335281 118326
1519340758 118328
1519398857 118575
1519402592 172341
1519419182 119508
1519657813 119508
1519675229 423229
1519677218 613285
1519678595 119504
1519756491 172462
1519757993 613405
1519761361 119507
1519762168 613624
1519763990 242628
1519766673 242654
1519833171 119509
1519846473 119678
1519857319 172808
1519920890 172808
1519941361 119849
1520029356 119849
1520266133 172867
1520267833 119989
1520276124 172869
1520363845 491067
1520365629 120073
1520427630 613787
1520446169 494438
1520454513 494427
1520458622 494425
1520468934 494428
1520530369 120066
1520569610 613853
1520602323 173358
1520614341 494654
1520616168 494682
1520617363 494710
1520618495 120178
1520618960 423256
1520624449 310413
1520625322 320053
1520625762 494798
1520626961 348852
1520630059 348956
1520636927 120180
1520652847 122094
1520712430 613875
1520827580 494672
1520913499 350458
1520959644 494760
1520976848 494779
1520977965 124598
1521051736 494791
1521057721 310413
1521134036 423333
1521147793 320224
1521152101 124695
1521154079 495421
1521155425 245777
1521160120 245894
1521160987 246032
1521164330 423337
1521165005 423668
1521165611 320234
1521225871 350641
1521228579 124673
1521297049 425585
1521480454 126184
1521483798 127950
1521490361 350548
1521499023 613835
1521562237 127953
1521642578 576040
1521646198 129474
1521646856 173413
1521650640 129955
1521729142 376920
1521746432 377124
1521753513 377162
1521779420 129996
1521850693 495604
1522028833 176726
1522115096 613848
1522162703 426113
1522173533 615037
1522185134 576051
1522271816 130032
1522273653 378835
1522283233 495814
1522295614 496051
1522340287 380433
1522347371 426228
1522349896 575326
1522358188 496049
1522594920 320471
1522674958 176729
1522704830 426279
1522777560 246194
1522785955 246228
1522807693 246819
1522865115 130032
1522865653 426436
1522891788 131949
1522951563 381796
1522953289 381795
1523040468 246497
1523040486 246490
1523309955 177216
1523312837 320472
1523328049 132574
1523378377 133606
1523392887 177225
1523396590 134246
1523418598 134246
1523468713 383172
1523473835 135511
1523476033 509327
1523478730 135509
1523478790 138867
1523480801 383179
1523540904 426762
1523627813 426901
1523899690 177395
1523904028 426982
1523907887 247474
1523909480 350548
1523910370 247479
1523915647 615092
1523919697 615186
1523920753 138821
1523925111 138866
1523981270 177396
1523994094 615754
1523994240 615737
1523999799 141565
1524007759 247483
1524009498 496019
1524063441 248319
1524083548 428412
1524095867 428415
1524159967 385865
1524161463 350575
1524170996 141579
1524248491 615929
1524255120 386797
1524259062 177741
1524497160 616274
1524497536 141572
1524498903 141721
1524506631 248581
1524511737 178060
1524512673 179620
1524521494 495885
1524540756 142705
1524586444 616305
1524589110 142707
1524590994 616377
1524592729 387727
1524599618 428404
1524602771 181835
1524608699 320453
1524712019 144991
1524764987 387816
1524766542 576227
1524766861 181840
1524782409 249388
1524841300 145078
1524850711 145080
1524850784 182168
1524946724 249598
1524946870 249730
1524948497 249762
1524953228 145597
1525093610 616377
1525093619 616400
1525097307 145551
1525098620 145546
1525105752 145572
1525107847 147105
1525118981 147868
1525138674 616733
1525142718 616760
1525147300 148629
1525187824 148648
1525189072 148664
1525202269 148665
1525203162 148666
1525216851 148666
1525232791 149333
1525272779 152496
1525276939 152587
1525283254 249769
1525290844 152611
1525294856 249996
1525304007 152575
1525367841 152471
1525370666 616844
1525371559 182189
1525374345 616866
1525387962 152556
1525392177 616866
1525393300 616874
1525401298 616877
1525462258 154072
1525462682 154668
1525539329 155751
1525543792 250411
1525544303 250428
1525544578 250564
1525561375 157258
1525561666 616917
1525709773 616988
1525713405 157230
1525713510 157273
1525721066 617108
1525721415 157481
1525723933 157481
1525724092 182257
1525724964 387814
1525725829 250575
1525728066 157496
1525730205 157541
1525748656 159107
1525751355 159180
1525754986 159239
1525793531 182268
1525798559 159241
1525800621 159252
1525805994 160825
1525808878 160800
1525821959 161018
1525825377 161825
1525832096 387829
1525832180 250582
1525878083 182351
1525886747 183102
1525890175 183102
1525898557 250543
1525898732 250693
1525901900 183113
1525965055 250694
1525969671 250840
1525972042 183128
1525973388 161827
1525975180 162427
1525981675 251430
1525985938 253498
1525987629 162520
1525993083 162569
1525996985 617188
1526011269 163708
1526052766 617202
1526053240 183125
1526057108 617202
1526058316 163754
1526059956 183346
1526061132 388888
1526062529 253522
1526066801 183438
1526074502 163129
1526079100 163456
1526085250 163456
1526087242 253572
1526088895 163456
1526090745 183424
1526092363 183454
1526140077 617211
1526140104 253593
1526143669 253962
1526147664 183455
1526149867 617630
1526170004 254075
1526233339 183521
1526246054 254083
1526250044 183454
1526255108 183500
1526321645 254070
1526327133 183500
1526328356 183644
1526328708 183645
1526331824 183578
1526334562 256928
1526334904 256873
1526335460 617664
1526347361 256885
1526349794 257466
1526351454 617638
1526352515 257666
1526354547 257654
1526354981 617676
1526359536 258383
1526401483 258383
1526427780 259098
1526439369 183583
1526447653 184737
1526478875 184746
1526487129 184746
1526497950 184787
1526500645 184797
1526504571 389618
1526505356 617680
1526508889 184867
1526519667 389641
1526524598 259224
1526524673 184946
1526532459 617745
1526538179 184976
1526567712 188078
1526570535 259357
1526582867 188073
1526583396 188518
1526590597 188589
1526596831 259470
1526602814 188771
1526611688 617927
1526611781 496067
1526612105 188771
1526612211 617927
1526612431 320635
1526612484 496067
1526612544 350757
1526612925 259654
1526613208 389808
1526613315 428587
1526613416 188981
1526613587 188981
1526613600 576410
1526613767 310599
1526615157 188973
1526617644 259655
1526618520 189152
1526628211 259668
1526651759 189152
1526654526 189098
1526657586 617984
1526671036 190126
1526677374 190846
1526679968 310600
1526697865 191301
1526786641 259723
1526854727 191503
1526854778 191108
1526877570 191301
1526919555 496071
1526921092 191341
1526922425 191404
1526933333 259724
1526942337 191983
1526944665 496114
1526947401 618001
1526959093 389682
1527011462 191993
1527014438 191993
1527019418 192064
1527030181 192201
1527032977 191693
1527038539 191702
1527038560 191706
1527049170 259808
1527050595 191741
1527056942 191741
1527058198 193371
1527087517 389751
1527098976 618006
1527099346 193371
1527104303 496114
1527116305 193429
1527138157 194666
1527142543 194673
1527188050 194750
1527190092 194934
1527191505 194943
1527192798 389796
1527194396 194929
1527195568 389796
1527198693 195901
1527200114 195901
1527208358 259812
1527267217 195901
1527275443 195913
1527279149 195914
1527279190 195929
1527279507 195937
1527294319 195953
1527325017 196524
1527327148 196509
1527612930 196529
1527622688 196538
1527624042 196582
1527632189 196621
1527650101 390066
1527659092 196353
1527703026 196488
1527704353 197713
1527706145 197712
1527706699 197897
1527710238 199798
1527715950 199874
1527715969 199798
1527727525 200674
1527741522 200674
1527771510 200674
1527787018 200758
1527797094 201069
1527802326 201240
1527802408 201241
1527803091 201301
1527882868 618121
1527910709 390210
1528064902 390206
1528068827 390218
1528075694 618157
1528083885 390256
1528128757 390232
1528133794 201444
1528135562 201423
1528207949 390361
1528209926 390368
1528218924 618159
1528223784 201728
1528229919 618471
1528230432 201751
1528236650 201763
1528239478 201763
1528266951 201804
1528269113 203038
1528293307 618471
1528311548 390546
1528384642 390625
1528394450 429478
1528395012 430052
1528395246 430071
1528395701 430138
1528400519 442782
1528400674 444117
1528402317 444116
1528402435 444227
1528403701 444332
1528404284 446137
1528404780 446352
1528404935 446367
1528405079 446354
1528405763 446354
1528407831 203038
1528407845 231507
1528410300 390623
1528416206 453120
1528430500 390625
1528465542 353925
1528468026 354860
1528469341 390626
1528469970 359087
1528471677 359093
1528473048 359669
1528479279 364350
1528481022 364422
1528482606 364543
1528483213 365990
1528485388 365998
1528486910 366082
1528491196 390647
1528594052 366163
1528594067 453264
1528655006 390767
1528667330 366171
1528667377 453315
1528686967 317034
1528736934 231508
1528737629 391109
1528738038 453453
1528745127 496123
1528749297 232135
1528749840 496245
1528761376 232168
1528814895 391088
1528814991 453465
1528827015 453465
1528910251 366169
1528912369 452470
1528912561 366169
1528921106 236229
1528924429 576470
1529004602 452164
1529007406 366201
1529010233 236390
1529022426 391251
1529032963 452366
1529075585 391439
1529078812 391401
1529088470 236421
1529128783 236501
1529285074 236662
1529295621 236749
1529327787 366258
1529328656 366258
1529337160 236786
1529338414 236838
1529339129 236837
1529356534 391545
1529419962 391545
1529432591 452391
1529433631 366258
1529460275 237367
1529546257 237366
1529553263 259299
1529599533 496285
1529605991 391816
1529609710 496316
1529615761 391890
1529621077 259301
1529635555 366709
1529679143 391938
1529798265 391960
1529855144 392051
1529889784 392178
1529936544 259398
1529951179 392309
1529951363 259376
1529956172 366709
1529957449 259898
1529963589 452729
1529966781 259900
1529976642 496442
1530041349 496479
1530122762 576470
1530134073 452900
1530134929 576470
1530215062 367848
1530276138 452979
1530276159 317034
1530278386 317034
1530474663 367886
1530494349 367918
1530559313 261440
1530563634 496505
1530569836 317034
1530570056 453098
1530571323 317034
1530572674 496543
1530623653 368047
1530624055 453184
1530625255 368047
1530625271 576470
1530635651 392780
1530642326 261440
1530649307 453320
1530650964 576470
1530814481 261460
1530844530 453335
1530873130 368132
1531094129 368305
1531107036 368946
1531174331 262791
1531243226 263015
1531261670 618484
1531279158 392777
1531321165 265310
1531418280 368946
1531425620 265345
1531491944 371260
1531506792 265965
1531512932 371663
1531513065 371669
1531519176 371697
1531661627 368946
1531750057 266009
1531761066 509342
1531848857 496547
1531924456 392777
1532096464 266041
1532101332 392777
1532114697 392494
1532468737 267879
1532528711 618579
1532539190 368946
1532559996 454230
1532560344 267916
1532608482 268073
1532617402 269119
1532623923 454430
1532629018 454449
1532630818 317258
1532638541 269391
1532643394 454548
1532646053 454622
1532646067 576473
1532973846 269646
1532973906 269776
1532975247 269935
1532985401 509353
1532994810 317269
1533052782 270026
1533055040 269973
1533060730 269966
1533065639 454624
1533068523 576473
1533137862 269967
1533160956 269972
1533245957 270095
1533315481 496089
1533322533 272221
1533342771 272195
1533361502 272195
1533563310 272190
1533569434 272463
1533570876 272832
1533571212 272832
1533579387 272832
1533627064 272835
1533629927 272878
1533631983 272879
1533655477 272875
1533741643 272875
1533748591 272879
1533829077 273043
1533865107 273043
1534158257 273043
1534180548 273441
1534200524 273684
1534205357 273707
1534212162 273707
1534273153 275449
1534358576 618817
1534362436 454657
1534365357 576501
1534456982 275449
1534458795 277052
1534459049 277052
1534784818 576606
1534796797 618820
1534839617 277764
1535052687 279330
1535213513 279379
1535377338 279541
1535377508 279543
1535377551 279763
1535388231 279785
1535396789 279814
1535468156 279850
1535475799 280983
1535556424 280983
1535565953 281060
1535570146 281313
1535570490 369156
1535639997 617835
1535643247 281281
1535651363 281293
1535741153 281128
1535741797 281129
1536078858 281129
1536092925 281856
1536167876 281853
1536173622 282845
1536174585 282980
1536194502 282851
1536232508 282851
1536243676 283032
1536268681 283032
1536290219 282990
1536328759 283349
1536349991 283349
1536684475 617839
1536686693 283365
1536701992 283582
1536720681 284383
1536759075 284641
1536948883 284641
1536956968 284995
1537216118 285002
1537216153 285777
1537228969 285781
1537241158 286691
1537243135 287303
1537289188 287305
1537297273 369166
1537303031 287342
1537452404 287564
1537454143 287564
1537463420 287574
1537464616 287900
1537477358 287900
1537553413 287924
1537562412 287937
1537718003 287937
1537805889 455170
1537820462 287939
1537822705 287594
1537831049 287709
1537847299 287829
1537895752 287831
1537897915 287999
1537898487 287876
1537899919 287877
1537913598 288371
1537913621 294846
1537922507 294845
1537925979 294860
1537988737 496345
1538006093 294791
1538019755 294791
1538056763 294805
1538059195 294806
1538059909 295151
1538070772 392561
1538076182 295161
1538080022 371845
1538085292 294988
1538087968 294988
1538140964 295346
1538145718 295347
1538150227 295347
1538152553 295371
1538156248 295372
1538157151 617840
1538159386 295389
1538162427 295390
1538163771 295453
1538167252 295453
1538171614 295454
1538171818 617839
1538172884 618029
1538175685 295454
1538180621 295469
1538237951 455401
1538239394 371845
1538241696 295477
1538255049 618047
1538260252 618045
1538261759 295519
1538267976 618046
1538278738 295661
1538278952 295710
1538279927 295824
1538284050 295844
1538404973 295975
1538409869 296419
1538420213 296495
1538494184 296584
1538494201 296636
1538505121 296718
1538577600 296777
1538585927 297086
1538593608 297264
1538595626 297265
1538598923 618172
1538605835 297423
1538616730 496377
1538618282 297496
1538621486 312067
1538669004 496424
1538671967 297806
1538692979 312094
1538695195 496414
1538696181 312280
1538696823 312460
1538749953 496414
1538751160 312500
1538758721 312536
1538763445 312543
1538769062 312705
1538769631 313118
1538770825 313120
1538771519 313143
1538772947 313142
1538774611 618182
1538851081 313144
1538866093 392629
1538873850 313630
1538946998 370866
1538949193 316621
1538961592 392626
1539013469 316594
1539016545 316652
1539027899 316951
1539032185 317216
1539044747 318379
1539100172 371457
1539107228 372210
1539118624 372221
1539126668 373283
1539127900 392823
1539129335 373291
1539134211 373303
1539135050 373303
1539135734 373574
1539138651 374938
1539147751 375552
1539262770 375552
1539266043 375550
1539289683 375806
1539291424 375806
1539350219 376519
1539354021 376518
1539370096 376517
1539370342 376517
1539375548 376512
1539390017 376480
1539391374 376487
1539447939 376884
1539477106 392251
1539627274 496431
1539627663 392251
1539629787 496716
1539635055 392254
1539640572 392559
1539645636 392572
1539700840 392663
1539704530 392657
1539706084 454952
1539713756 455859
1539714532 455859
1539719600 496727
1539720939 456340
1539721909 496733
1539723538 496744
1539788262 496752
1539795718 496749
1539808403 496757
1539811036 496952
1539880593 497031
1539888774 494175
1539894818 496983
1539976715 496979
1539977079 496978
1539978041 496978
1539984253 496980
1540242685 493266
1540255230 494166
1540317653 493715
1540319981 493777
1540321895 493785
1540325061 618251
1540327607 618292
1540333035 493811
1540518494 493820
1540584696 494225
1540688970 494243
1540835266 576620
1540844662 494253
1540845352 494265
1540917714 494536
1540932162 494538
1541007482 494538
1541017609 494339
1541025001 494416
1541628824 494436
1542034018 494940
1542123704 618313
1542134603 495503
1542144746 496680
1542226655 496680
1542227340 496876
1542227560 500437
1542231643 500488
1542234255 500307
1542311322 500324
1542341034 500462
1542387366 501709
1542389384 501853
1542397178 502158
1542397358 502160
1542476105 502159
1542505147 502166
1542645889 502166
1542653390 502274
1542661921 502277
1542741773 502382
1542743572 503101
1542748237 503169
1542755615 503162
1543090660 618526
1543256567 503163
1543269187 503177
1543269938 503229
1543276608 503228
1543284707 503234
1543352379 503629
1543439021 503961
1543445451 503963
1543510453 503988
1543517912 504927
1543525481 505733
1543527106 507595
1543534795 507653
1543612987 507689
1543613980 507932
1543846853 507984
1543886949 507985
1543938655 507981
1543961236 507982
1543961939 508270
1544121594 508328
1544190404 509157
1544463731 509207
1544550325 509721
1544556887 510661
1544574700 618613
1544636496 510661
1544661447 514196
1544719054 515582
1544738415 618636
1544740197 515602
1544743254 515764
1544748220 516313
1545064336 516314
1545084012 516328
1545094918 516328
1545151329 516327
1545153350 516427
1545165449 516622
1545184554 516631
1545245042 516640
1545258560 516784
1545263156 516817
1545309047 516831
1545344770 516750
1545345673 516987
1545349099 516993
1545434143 517020
1545676894 517063
1545841157 517128
1545920070 517142
1546444550 517181
1546543364 517183
1546553879 517418
1546562444 517427
1546616573 517421
1546629981 517422
1546637649 517444
1546717085 517775
1547158300 517771
1547222250 517771
1547223797 518026
1547232070 518026
1547237539 518071
1547244413 518623
1547323214 518827
1547480768 519384
1547652857 519384
1547652874 519637
1547702692 519636
1547755849 519641
1547763954 519674
1547766859 519686
1547830614 520771
1547853881 520787
1548007954 618766
1548103482 521385
1548173497 521303
1548255889 521318
1548358894 521320
1548367121 521397
1548384359 618762
1548445404 522810
1548454587 522855
1548473851 522855
1548535644 523064
1548619042 540719
1548639750 540705
1548692764 618959
1548712357 540761
1548776238 540762
1548793292 540261
1548799000 541650
1548800266 542626
1548801368 542634
1548858106 542632
1548860732 547511
1548864906 618957
1548870408 547845
1548876134 547848
1548876762 547848
1548883851 545013
1548890144 545270
1548949788 545606
1548957559 545603
1548958963 545399
1548959393 545399
1548961499 545563
1548969278 545643
1548969370 545710
1548975750 545758
1549056152 545859
1549123822 545838
1549149872 545874
1549183234 545874
1549186796 545903
1549294375 545903
1549382566 546143
1549466164 552920
1549470365 553259
1549556851 553343
1549559479 553377
1549585463 554029
1549663994 554030
1549831172 555609
1549856543 575787
1550004124 555609
1550005771 556063
1550009646 556216
1550009787 618958
1550161197 555808
1550168136 557462
1550170550 558299
1550176020 558196
1550280619 558348
1550593361 558348
1550601142 558356
1550609979 558362
1550632923 558362
1550635169 558382
1550636004 558383
1550685100 558409
1550687074 558416
1550719541 558432
1550773345 558629
1550791617 559528
1550858907 560027
1550888455 560027
1550963739 560027
1551122259 575950
1551136804 576032
1551155999 576032
1551196140 576443
1551294337 577210
1551306467 577210
1551383278 577210
1551390634 577211
1551459076 577211
1551466387 577240
1551471670 577541
1551479181 577817
1551503168 577072
1551554879 577089
1551662162 577182
1551664345 577169
1551892932 577229
1551894200 577484
1551900988 577769
1552270758 577760
1552315417 577848
1552415210 577917
1552417427 577944
1552423408 577954
1552445737 577988
1552492856 578187
1552494146 578187
1552497439 578202
1552497550 578199
1552502938 580295
1552508994 580422
1552512628 580273
1552514935 580214
1552520798 580214
1552578188 580224
1552582701 580229
1552656044 580235
1552669756 580229
1552673466 580815
1552677945 581258
1552678855 581465
1552681468 581607
1552682481 581619
1552687513 581619
1552696284 581619
1552698729 584358
1552699572 584364
1552961338 584364
1553010540 584455
1553016244 584500
1553097090 584572
1553110315 584574
1553112093 584983
1553116735 585184
1553138902 585021
1553182492 585021
1553197488 585022
1553203547 585321
1553524541 585337
1553550816 585424
1553551772 585428
1553553016 585428
1553553393 585428
1553553793 585429
1553613836 585580
1553616593 585623
1553620825 585633
1553621717 585645
1553622333 585645
1553622807 585645
1553625341 586257
1553636569 586304
1553641385 586377
1553642887 588435
1553695485 618997
1553708469 588805
1553727001 588805
1553730370 619005
1553798089 588996
1553800674 588996
1553801635 588996
1553807050 588991
1553829812 589799
1553872068 589887
1553889895 592788
1553892539 593538
1553893060 593546
1553966023 594262
1554063239 619044
1554151585 594263
1554155490 594317
1554167496 594411
1554167516 594418
1554177451 594430
1554214918 619229
1554301114 594445
1554322553 595132
1554382854 595863
1554407994 596042
1554412546 596098
1554412702 596128
1554483636 619488
1554574873 597916
1554678943 619031
1554752505 623023
1554754289 623044
1554801632 623214
1554908296 623629
1554912451 623639
1554925025 623985
1554935369 623989
1554948510 623559
1555002496 623581
1555007970 623597
1555010322 623856
1555013462 623857
1555016664 623873
1555083205 624829
1555117739 624829
1555120868 624835
1555348515 625090
1555426413 624896
1555433356 624899
1555450645 624930
1555532924 624956
1555608913 625931
1555626637 625931
1555688558 625943
1555699288 626300
1555701295 626688
1555711140 626720
1555714275 626823
1555767329 628187
1555774105 628192
1555953110 628424
1556029550 628424
1556061326 630813
1556116139 630922
1556121604 631004
1556136689 631005
1556138532 631700
1556225685 631795
1556234347 631848
1556294464 631860
1556553595 632069
1556563308 632072
1556639866 632075
1556641661 632084
1556721066 632521
1556736243 632576
1556817054 632865
1556828658 633382
1556916601 635790
1556938015 636000
1557157274 637165
1557161356 637306
1557165803 637310
1557167255 637324
1557168059 638417
1557173028 638462
1557241804 638462
1557330912 638483
1557374432 638585
1557417194 638638
1557418997 638636
1557680831 638643
1557701614 638805
1557757654 639453
1557763314 639464
1557766638 639464
1557778479 639649
1557870044 642093
1557895140 642089
1557955444 642090
1558032594 643032
1558040712 643406
1558041898 643808
1558107103 643812
1558138830 643952
1558153011 644141
1558208219 644653
1558222556 644665
1558291268 644821
1558361094 645155
1558378144 645156
1558457019 646088
1558457641 646095
1558467769 646359
1558477196 646365
1558535839 646365
1558569473 646407
1558620434 646407
1558632168 647065
1558666966 647076
1558710046 647089
1558711621 647494
1558726205 648949
1558791155 648961
1558879588 648958
1559049929 649050
1559050593 649062
1559090119 649066
1559099467 649529
1559105074 649525
1559106098 649522
1559229263 649514
1559243359 650540
1559260643 650737
1559308018 650763
1559315026 650578
1559319225 650618
1559331897 650642
1559406795 650840
1559579863 651061
1559669251 651076
1559673852 651085
1559754760 651279
1559787867 651491
1559828743 651508
1559848003 651512
1559850462 651512
1559916992 652083
1559926981 652106
1559929935 652110
1559933179 652307
1559933400 655587
1559934930 655596
1559938462 655750
1559940848 655875
1559956024 656090
1559962950 656113
1560051355 656128
1560056788 656301
1560057919 656307
1560201711 656472
1560203673 656499
1560264279 656247
1560274083 656537
1560384172 656578
1560444016 656889
1560468669 656892
1560472721 657033
1560477597 657044
1560534185 657510
1560542393 657692
1560802317 657859
1560811938 657912
1560896511 657944
1560976366 658417
1561053957 658500
1561069503 658518
1561085632 658562
1561131379 658637
1561137833 659010
1561405469 659014
1561412662 659436
1561451669 659456
1561465585 659655
1561527034 659726
1561560790 659727
1561565404 660172
1561569332 660197
1561580584 660218
1561597525 660280
1561625230 661068
1561627636 661089
1561637464 661089
1561649600 661366
1561729455 661932
1561922463 662061
1562068883 662064
1562101329 662117
1562105749 662115
1562184438 663825
1562337805 663820
1562364958 664172
1562419850 683072
1562644972 683274
1562690589 683541
1562762523 683545
1563200335 683546
1563203395 683587
1563210494 683734
1563218005 684273
1563246393 684611
1563292621 684898
1563297558 684898
1563305518 685423
1563367494 685446
1563474251 685509
1563484275 685562
1563802727 685834
1563808302 685844
1563994307 685919
1564002623 685932
1564155967 685957
1564157614 685978
1564158692 686386
1564283007 686386
1564288130 686386
1564343019 686400
1564354102 686568
1564408951 686620
1564426984 687261
1564436194 687689
1564585487 687801
1564680552 687878
1564764278 687878
1564770100 687649
1564783724 687649
1565054242 687649
1565102764 688167
1565120045 689135
1565146937 689135
1565285570 689166
1565362822 689173
1565371246 689173
1565805260 690615
1565807808 690727
1565811760 690730
1565881370 690913
1565895425 690914
1565899137 690947
1565931198 690963
1565984799 690965
1566010592 690958
1566237198 691014
1566237255 691026
1566242468 691140
1566332257 691222
1566346100 691223
1566347233 691223
1566413056 691226
1566414865 691247
1566419259 691258
1566426423 691506
1566491601 691519
1566499148 691525
1566502274 692218
1566512368 692677
1566519448 693250
1566535075 693278
1566577883 693278
1566588919 693991
1566826468 694383
1566828630 694416
1566920778 694346
1566929137 694353
1567094981 694350
1567114741 694817
1567139320 695311
1567386197 697333
1567609429 697325
1567614582 697339
1567692110 697355
1567693754 697562
1567791810 697652
1568065039 697678
1568123766 697689
1568214993 697689
1568221535 697843
1568240286 698075
1568241741 698442
1568242986 698442
1568295054 698482
1568306406 698495
1568335352 698570
1568337677 699526
1568396601 700933
1568559980 701171
1568568052 701279
1568569588 701174
1568569853 701176
1568571159 701182
1568571355 701202
1568639112 701216
1568677804 701217
1568852724 701240
1568931205 701349
1568993754 701381
1569189830 701381
1569250866 701381
1569259941 701383
1569269822 701383
1569426141 701435
1569428125 701443
1569437008 701471
1569441839 701496
1569459255 701496
1569512019 701592
1569716915 701629
1569939730 701629
1570031762 701640
1570157656 701664
1570167349 701563
1570196740 704338
1570213161 704444
1570225856 704461
1570333782 704461
1570338178 704461
1570350189 704591
1570352905 704591
1570457725 704574
1570554231 706415
1570555905 706415
1570759605 709145
1570810775 709318
1570811798 709343
1571078667 709819
1571113697 709886
1571119865 709886
1571120308 709909
1571156592 709997
1571175153 710097
1571245021 710813
1571252085 710843
1571258506 710855
1571259617 710865
1571328462 710875
1571696318 711012
1571855102 711168
1571941699 711283
1571944935 711290
1571973105 711288
1571976264 711289
1572016216 711289
1572026710 711289
1572033170 711364
1572036639 711396
1572232957 712234
1572272188 714124
1572294917 714144
1572296528 714131
1572356638 714132
1572358331 714136
1572378509 714137
1572440822 714144
1572470789 714176
1572474878 714931
1572566521 714976
1573140133 715647
1573498460 715660
1573964628 715900
1574094349 715907
1574530378 715929
1574732221 715929
1574794362 716735
1574797917 716735
1574824709 716736
1574872127 716745
1575332868 718192
1575386798 718225
1575479329 718594
1575557048 718669
1575567339 718671
1575591954 718671
1575658917 718695
1576011293 718848
1576013971 718798
1576299389 718786
1576299503 718786
1577133328 718830
1577736061 718832
1578003462 718832
1578089192 720261
1578091068 720296
1578092110 720297
1578093512 720366
1578094767 720379
1578167279 720382
1578172840 713775
1578200669 714481
1578202359 715436
1578237337 715451
1578327892 715598
1578413551 715677
1578426038 715740
1578524296 715740
1578610154 716484
1578677235 716538
1578681183 717135
1578840970 717313
1578848015 717371
1578876231 717372
1578930832 717378
1578946742 717581
1578952680 718125
1579053749 718190
1579135274 719234
1579285765 719315
1579730142 719378
1579733098 719413
1579787476 719413
1579798643 719413
1579819675 719475
1579839552 719467
1580227107 719467
1580228501 719467
1580229784 719471
1580306405 719547
1580383197 720304
1580430001 720341
1580488115 720340
1580509360 726770
1580925583 738598
1581363899 738641
1581365188 738641
1581478979 738644
1581538725 738935
1581615966 740208
1581620707 740273
1581621908 740322
1581960631 740322
1582068577 740322
1582140379 740424
1582220406 740610
1582304576 740633
1582307642 740652
1582515765 740863
1582515794 740866
1582516077 740870
1582529337 742891
1582530868 742897
1582532321 742950
1582581444 742950
1582732267 742952
1582745490 743002
1582753491 743044
1582822526 743062
1582840341 743128
1582842716 743266
1582920641 743757
1582994464 743819
1583247149 743823
1583250582 744303
1583269938 744303
1583270681 744313
1583345972 744363
1583393713 744746
1583510623 745076
1583534484 745106
1583549856 745370
1583549959 745376
1583792250 746030
1583818129 746148
1583820436 746391
1583820460 746451
1583847360 746453
1583950813 746648
1583955612 746658
1584029714 746667
1584036254 747143
1584140262 747149
1584278981 747157
1584309873 747391
1584381659 747580
1584382970 747592
1584384211 747714
1584385348 747945
1584392039 748017
1584542123 748028
1584712812 748264
1584926370 748264
1584984797 748357
1585072008 748372
1585107878 749124
1585233791 749281
1585428672 749362
1585572624 749689
1585663067 749691
1585673524 749929
1585791626 749931
1585835023 750358
1585837914 750364
1585839656 750444
1585919953 750449
1585922642 750497
1585938507 750514
1585946686 750608
1586015215 750608
1586033273 750617
1586090117 750385
1586195725 750419
1586362895 750436
1586446580 750461
1586459306 750461
1586530991 751797
1586642237 752213
1586663261 752250
1586833517 752262
1586913727 753606
1586924055 753964
1586925476 755411
1586925535 755426
1586925953 755438
1586965737 755891
1586976595 755891
1586979129 756151
1587133938 756151
1587135252 756328
1587151376 756337
1587228896 756340
1587267280 757837
1587427860 757928
1587481520 758067
1587496346 758307
1587598385 758687
1587619115 758768
1587662801 758835
1587715886 758920
1587716998 758943
1587717741 758952
1587722305 760038
1587781641 760036
1587940273 760041
1588002288 760305
1588011840 760324
1588089285 760344
1588217979 760507
1588283951 760533
1588301161 760539
1588304724 760439
1588306994 760444
1588343128 760446
1588442116 760559
1588522446 760556
1588606283 763079
1588687534 763252
1588712258 763764
1588717197 763835
1588872699 763834
1588905761 765210
1588909727 765429
1588910956 765428
1588912365 765445
1588953773 765532
1588958309 765477
1588969884 765617
1588972704 765630
1589114627 765630
1589236871 766026
1589380201 766348
1589395130 766400
1589408426 766645
1589409676 766853
1589426738 766853
1589506416 766866
1589562732 766880
1590092644 766880
1590096809 767035
1590103119 767217
1590114983 767257
1590116457 767248
1590171495 767163
1590186564 767248
1590189618 767601
1590391298 767603
1590398851 768056
1590488028 769278
1590489003 769317
1590511354 769461
1590516714 769461
1590535086 769463
1590538213 769571
1590539729 769602
1590542461 769688
1590544880 769727
1590550278 769768
1590551987 769880
1590608175 770559
1590723186 770763
1590731722 771477
1590741711 771654
1590744862 771705
1590816592 771879
1591038839 771866
1591042001 771865
1591150439 772004
1591200848 772063
1591201454 772067
1591249984 772108
1591302768 774209
1591307811 774256
1591637466 774256
1591736898 774258
1591745166 774329
1591761987 774343
1591803573 775002
1591819245 775103
1591820661 775241
1591851323 775416
1591878704 778479
1591895999 778506
1591900472 778569
1591912265 778731
1591970116 778747
1591971780 778747
1591977215 781463
1592021694 781534
1592021822 781540
1592198940 781731
1592236488 781735
1592256667 781771
1592266540 782052
1592416117 782093
1592419422 782110
1592424384 782142
1592513331 782125
1592514299 782151
1592526484 782319
1592549194 782375
1592607110 782671
1592750842 782749
1592905789 782843
1592946180 783306
1592950647 783321
1592956012 783401
1593022052 783435
1593383650 783753
1593572974 784405
1593578894 784605
1593578931 784621
1593653562 784634
1593658972 785237
1593666880 785258
1593756228 785258
1594022180 787255
1594022618 787266
1594152325 787366
1594167061 787441
1594175453 787549
1594222894 787559
1594313730 787559
1594395972 787562
1594418676 787686
1594653615 787687
1594655111 787741
1594754365 787766
1594759604 787813
1594766249 787817
1594980779 787817
1595269426 787862
1595343176 787862
1595344567 788000
1595400668 790238
1595439589 790777
1595442472 791385
1595448562 791388
1595512577 791394
1595516400 791422
1595519575 791463
1595527119 791483
1595541439 791621
1595552171 791801
1595604406 791711
1595610497 791172
1595610569 791198
1595610617 791737
1595876190 791977
1596125131 792012
1596142767 792641
1596233799 792643
1596243265 792736
1596243306 792752
1596244342 792123
1596244843 792129
1596592342 792538
1596647418 792538
1596658103 792630
1596751383 792630
1596754841 793324
1597082439 793701
1597088787 793701
1597091364 793701
1597130970 793703
1597133046 793702
1597170514 793710
1597188080 793825
1597246148 793825
1597246189 793849
1597249287 794770
1597677052 794770
1597890023 794777
1597890059 794791
1597955400 794793
1597966085 796133
1597969916 796136
1598073248 796650
1598073374 796660
1598074070 796660
1598154761 797343
1598154867 797350
1598300197 797904
1598447278 798586
1598481384 798612
1598548773 798612
1598560999 798612
1598564018 798612
1598565928 798609
1598645301 798609
1598894153 798742
1598909405 798755
1598917135 798774
1598996385 798781
1599083775 798784
1599140744 798914
1599156578 798988
1599156623 799001
1599160754 799006
1599162184 799922
1599164501 799901
1599168868 800030
1599202358 800100
1599228658 800190
1599231892 800189
1599256148 800307
1599560823 800305
1599562999 800395
1599565671 800486
1599580440 800597
1599589333 800602
1599603152 800650
1599619540 800671
1599620428 800675
1599750049 800767
1599776281 800767
1600069604 800891
1600069707 800893
1600070637 801102
1600093329 801186
1600110689 803760
1600136355 803771
1600144761 803915
1600187709 803929
1600193621 804268
1600197565 804388
1600217685 804369
1600220851 804370
1600290618 804465
1600293611 804597
1600360433 804640
1600362228 804915
1600385884 805021
1600439049 805558
1600443057 805640
1600653446 805656
1600662118 805717
1600663831 805818
1600713237 807152
1600716817 807225
1600870031 807452
1600890201 807611
1600956716 808340
1600974375 808341
1600981666 808338
1601014186 808724
1601044920 808780
1601044972 808967
1601057525 810462
1601067188 810466
1601071580 810465
1601076895 810471
1601262764 810511
1601290282 810522
1601311159 810616
1601317508 810663
1601350029 810696
1601392798 810698
1601402083 810702
1601405058 812074
1601406600 812075
1601408221 812081
1601416814 812850
1601476887 812910
1601493522 813029
1601543901 813030
1601568758 813048
1601578173 813394
1601579907 813540
1601581717 813546
1601608149 813708
1601618074 813995
1601620773 814013
1601647162 814318
1601919950 814365
1601922992 814380
1601927346 814697
1601929687 814644
1601933805 814911
1601965428 815439
1601971910 816475
1601980297 816479
1602021382 816478
1602089019 816653
1602106187 816653
1602109992 816727
1602111164 816741
1602189229 816781
1602194919 816859
1602256034 817410
1602258905 817805
1602274378 817937
1602290070 817971
1602385230 818741
1602386445 818764
1602448626 818769
1602511658 820307
1602515394 821128
1602523793 821297
1602530707 821297
1602544077 821781
1602550496 821854
1602569262 822073
1602579600 822078
1602605509 822080
1602612525 822076
1602688870 822052
1602708727 822833
1602715207 822891
1602715834 822893
1602732194 825904
1602769735 825906
1602771394 825908
1602773861 825910
1602776410 826458
1602784528 826472
1602787756 826474
1602789098 826567
1602858260 826647
1602871170 826660
1602914028 826685
1602952182 826509
1602969708 826591
1602990637 827275
1603060665 827274
1603076403 827280
1603077431 827278
1603095243 827278
1603107166 827445
1603127585 827736
1603202386 827764
1603206299 805815
1603208497 806351
1603239543 806352
1603241824 806451
1603279735 806451
1603293104 806446
1603302822 806445
1603347430 806581
1603359443 806622
1603359825 806626
1603395261 806643
1603447968 807049
1603449205 807049
1603486355 807064
1603501150 807073
1603642559 807138
1603714861 807194
1603722513 807481
1603724060 807940
1603737961 808005
1603743240 808297
1603761089 808294
1603808020 808377
1603809709 808403
1603836735 808403
1603861516 808505
1603877789 808504
1603899494 808847
1603903780 808847
1603908883 808850
1603913718 810397
1603917949 810401
1603960645 810457
1603972232 805735
1603979480 805773
1603987751 805778
1603999871 805704
1604006775 805835
1604014494 805889
1604020027 805000
1604021126 804516
1604022688 804542
1604028600 804562
1604028681 804542
1604030455 798543
1604069809 798649
1604071338 798741
1604082719 798931
1604238944 798937
1604272710 799034
1604394416 799079
1604397519 799134
1604419112 799184
1604422664 799248
1604427471 799252
1604518444 799262
1604530990 799560
1604564298 800193
1604592140 800168
1604593925 800168
1604654304 800169
1604678382 800166
1604695920 800179
1604704638 800175
1604706013 800089
1604728118 800181
1604728198 800176
1604773628 800176
1604855947 800220
1604859299 800220
1604890410 799717
1604905215 799816
1604944718 799861
1604944872 799941
1604948487 799944
1604951697 799929
1604956076 799322
1604956306 799347
1604956650 799367
1604956814 799535
1604960382 799554
1604986975 799777
1604993254 799772
1604995686 799772
1605034996 799801
1605071697 800275
1605101033 798438
1605108612 798556
1605139230 800289
1605152811 800467
1605163906 800375
1605167997 798636
1605175280 798616
1605200618 798334
1605204085 798365
1605209694 800467
1605211183 800583
1605243953 798450
1605282688 798484
1605306920 798745
1605376996 798745
1605381458 801869
1605464582 801886
1605474037 794637
1605513564 794074
1605538401 794104
1605539217 794363
1605540386 794363
1605542353 795091
1605542510 795089
1605543441 795089
1605545413 795114
1605545671 795118
1605546268 795118
1605582374 795118
1605597446 795128
1605603372 795128
1605613507 795264
1605626178 796260
1605650404 796292
1605655508 796291
1605700076 796306
1605713285 796311
1605714236 795102
1605715425 795102
1605715697 795110
1605716628 795110
1605728797 795018
1605729986 795031
1605735684 795338
1605736228 795420
1605774255 795775
1605778647 795817
1605780635 796206
1605799989 796251
1605820802 796250
1605850580 796261
1605853847 796971
1605877013 796979
1605883192 795965
1605932856 796049
1606178425 795694
1606194864 795695
1606199570 795695
1606234882 795389
1606240759 795345
1606293732 795510
1606322354 795510
1606323979 795466
1606340536 795487
1606473059 795487
1606475268 795502
1606476900 795582
1606481420 795582
1606482682 795578
1606502331 795586
1606582779 795629
1606676581 795708
1606720182 795767
1606724061 795952
1606724742 795967
1606726118 795995
